 1099    -0.1044     0.1914    -0.2567    17.769    15.314     0.253032     0.251407     0.265812     0.241877    30.318   50.5%   4.69e-05  451    15.481
 1100    -0.1044     0.1915    -0.2567    17.766    15.316     0.252998     0.251459     0.265797     0.241739    30.318   50.5%   4.69e-05  452    15.481
 1101    -0.1044     0.1915    -0.2567    17.766    15.317     0.252992     0.251460     0.265793     0.241724    30.318   50.5%   4.69e-05  453    15.481
 1102    -0.1044     0.1915    -0.2567    17.766    15.321     0.252962     0.251364     0.265808     0.241714    30.318   50.5%   4.69e-05  454    15.481
 1103    -0.1044     0.1916    -0.2567    17.764    15.316     0.253025     0.251409     0.265880     0.241787    30.318   50.5%   4.69e-05  455    15.481
 1104    -0.1044     0.1915    -0.2567    17.766    15.313     0.253042     0.251417     0.265814     0.241895    30.318   50.5%   4.69e-05  456    15.481
 1105    -0.1044     0.1915    -0.2567    17.766    15.316     0.253008     0.251411     0.265764     0.241850    30.318   50.5%   4.69e-05  457    15.481
 1106    -0.1044     0.1915    -0.2567    17.766    15.315     0.253019     0.251379     0.265813     0.241866    30.318   50.5%   4.69e-05  458    15.481
 1107    -0.1044     0.1915    -0.2567    17.766    15.315     0.253005     0.251373     0.265815     0.241826    30.318   50.5%   4.69e-05  459    15.481
 1108    -0.1044     0.1915    -0.2567    17.766    15.315     0.252993     0.251348     0.265866     0.241764    30.318   50.5%   4.69e-05  460    15.481
 1109    -0.1044     0.1915    -0.2567    17.766    15.311     0.253035     0.251423     0.265834     0.241846    30.318   50.5%   4.69e-05  461    15.481
 1110    -0.1044     0.1915    -0.2567    17.768    15.319     0.252959     0.251406     0.265766     0.241704    30.318   50.5%   4.69e-05  462    15.481
 1111    -0.1044     0.1915    -0.2567    17.766    15.321     0.252927     0.251399     0.265739     0.241643    30.318   50.5%   4.69e-05  463    15.481
 1112    -0.1044     0.1915    -0.2567    17.767    15.320     0.252960     0.251366     0.265786     0.241728    30.318   50.5%   4.69e-05  464    15.481
 1113    -0.1044     0.1915    -0.2567    17.767    15.321     0.252955     0.251361     0.265776     0.241727    30.318   50.5%   4.69e-05  465    15.481
 1114    -0.1044     0.1915    -0.2567    17.768    15.316     0.252989     0.251436     0.265820     0.241713    30.318   50.5%   4.69e-05  466    15.481
 1115    -0.1044     0.1915    -0.2567    17.767    15.316     0.252989     0.251447     0.265840     0.241680    30.318   50.5%   4.69e-05  467    15.481
 1116    -0.1044     0.1914    -0.2567    17.769    15.317     0.252981     0.251444     0.265806     0.241694    30.318   50.5%   4.69e-05  468    15.481
 1117    -0.1044     0.1915    -0.2567    17.766    15.316     0.252999     0.251462     0.265829     0.241705    30.318   50.5%   4.69e-05  469    15.481
 1118    -0.1044     0.1915    -0.2567    17.766    15.314     0.253013     0.251463     0.265835     0.241742    30.318   50.5%   4.69e-05  470    15.481
 1119    -0.1044     0.1915    -0.2567    17.767    15.314     0.253020     0.251491     0.265828     0.241740    30.318   50.5%   4.69e-05  471    15.481
 1120    -0.1044     0.1915    -0.2568    17.766    15.315     0.253001     0.251465     0.265789     0.241748    30.318   50.5%   4.69e-05  472    15.481
 1121    -0.1044     0.1915    -0.2567    17.767    15.318     0.252987     0.251462     0.265796     0.241704    30.318   50.5%   4.69e-05  473    15.481
 1122    -0.1044     0.1915    -0.2567    17.766    15.318     0.252964     0.251448     0.265747     0.241697    30.318   50.5%   4.69e-05  474    15.481
 1123    -0.1044     0.1916    -0.2567    17.765    15.318     0.252970     0.251454     0.265748     0.241707    30.318   50.5%   4.69e-05  475    15.481
 1124    -0.1044     0.1915    -0.2567    17.767    15.316     0.252978     0.251369     0.265822     0.241741    30.318   50.5%   4.69e-05  476    15.481
 1125    -0.1044     0.1915    -0.2567    17.767    15.315     0.252982     0.251315     0.265905     0.241727    30.318   50.5%   4.69e-05  477    15.481
 1126    -0.1044     0.1915    -0.2567    17.765    15.313     0.253014     0.251423     0.265880     0.241740    30.318   50.5%   4.69e-05  478    15.481
 1127    -0.1044     0.1915    -0.2567    17.767    15.315     0.252995     0.251408     0.265872     0.241705    30.318   50.5%   4.69e-05  479    15.481
 1128    -0.1044     0.1914    -0.2567    17.768    15.313     0.253009     0.251451     0.265882     0.241695    30.318   50.5%   4.69e-05  480    15.481
 1129    -0.1044     0.1914    -0.2567    17.768    15.313     0.253016     0.251491     0.265866     0.241692    30.318   50.5%   4.69e-05  481    15.481
 1130    -0.1044     0.1915    -0.2567    17.766    15.309     0.253054     0.251500     0.265870     0.241791    30.318   50.5%   4.69e-05  482    15.481
 1131    -0.1044     0.1916    -0.2567    17.765    15.313     0.253014     0.251456     0.265824     0.241761    30.318   50.5%   4.69e-05  483    15.481
 1132    -0.1044     0.1916    -0.2567    17.764    15.313     0.252959     0.251370     0.265769     0.241739    30.318   50.5%   4.69e-05  484    15.481
 1133    -0.1044     0.1915    -0.2567    17.766    15.315     0.252943     0.251294     0.265777     0.241759    30.318   50.5%   4.69e-05  485    15.481
 1134    -0.1044     0.1915    -0.2567    17.765    15.319     0.252921     0.251269     0.265805     0.241689    30.318   50.5%   4.69e-05  486    15.481
 1135    -0.1044     0.1915    -0.2567    17.767    15.319     0.252941     0.251280     0.265839     0.241704    30.318   50.5%   4.69e-05  487    15.481
 1136    -0.1044     0.1915    -0.2567    17.767    15.317     0.252938     0.251283     0.265872     0.241658    30.318   50.5%   4.69e-05  488    15.481
 1137    -0.1044     0.1915    -0.2567    17.768    15.317     0.252952     0.251305     0.265847     0.241704    30.318   50.5%   4.69e-05  489    15.481
 1138    -0.1044     0.1915    -0.2567    17.766    15.319     0.252928     0.251316     0.265810     0.241659    30.318   50.5%   4.69e-05  490    15.481
 1139    -0.1044     0.1915    -0.2567    17.765    15.312     0.252999     0.251386     0.265892     0.241719    30.318   50.5%   4.69e-05  491    15.481
 1140    -0.1044     0.1915    -0.2567    17.767    15.315     0.252967     0.251392     0.265842     0.241666    30.318   50.5%   4.69e-05  492    15.481
 1141    -0.1044     0.1914    -0.2567    17.767    15.312     0.252989     0.251446     0.265875     0.241644    30.318   50.5%   4.69e-05  493    15.481
 1142    -0.1044     0.1915    -0.2567    17.767    15.310     0.253015     0.251528     0.265843     0.241673    30.318   50.5%   4.69e-05  494    15.481
 1143    -0.1044     0.1916    -0.2567    17.764    15.314     0.252985     0.251526     0.265847     0.241581    30.318   50.5%   4.69e-05  495    15.481
 1144    -0.1044     0.1915    -0.2567    17.766    15.315     0.252966     0.251495     0.265858     0.241545    30.318   50.5%   4.69e-05  496    15.481
 1145    -0.1044     0.1914    -0.2567    17.768    15.310     0.253021     0.251480     0.265931     0.241651    30.318   50.5%   4.69e-05  497    15.481
 1146    -0.1044     0.1915    -0.2567    17.765    15.310     0.253017     0.251431     0.265925     0.241695    30.318   50.5%   4.69e-05  498    15.481
 1147    -0.1044     0.1915    -0.2567    17.765    15.313     0.252981     0.251409     0.265886     0.241648    30.318   50.5%   4.69e-05  499    15.481
 1148    -0.1044     0.1914    -0.2567    17.768    15.315     0.252981     0.251385     0.265879     0.241680    30.318   50.5%   4.69e-05  500    15.481
 1149    -0.1044     0.1914    -0.2567    17.767    15.311     0.252984     0.251435     0.265848     0.241669    30.318   50.5%   4.69e-05  501    15.481
 1150    -0.1044     0.1915    -0.2567    17.765    15.312     0.252988     0.251409     0.265852     0.241704    30.318   50.5%   4.69e-05  502    15.481
 1151    -0.1044     0.1915    -0.2567    17.766    15.313     0.252977     0.251420     0.265845     0.241666    30.318   50.5%   4.69e-05  503    15.481
 1152    -0.1044     0.1915    -0.2568    17.766    15.312     0.253003     0.251442     0.265876     0.241692    30.318   50.5%   4.69e-05  504    15.481
 1153    -0.1044     0.1915    -0.2567    17.767    15.314     0.252954     0.251405     0.265859     0.241597    30.318   50.5%   2.34e-05  505    15.481
 1154    -0.1044     0.1915    -0.2567    17.766    15.318     0.252917     0.251344     0.265838     0.241568    30.318   50.5%   2.34e-05  506    15.481
 1155    -0.1044     0.1914    -0.2567    17.767    15.313     0.252962     0.251417     0.265864     0.241605    30.318   50.5%   2.34e-05  507    15.481
 1156    -0.1044     0.1914    -0.2567    17.770    15.310     0.253007     0.251402     0.265887     0.241732    30.318   50.5%   2.34e-05  508    15.481
 1157    -0.1044     0.1914    -0.2567    17.768    15.311     0.252997     0.251366     0.265929     0.241695    30.318   50.5%   2.34e-05  509    15.481
 1158    -0.1045     0.1914    -0.2568    17.768    15.306     0.253043     0.251448     0.265918     0.241764    30.318   50.5%   2.34e-05  510    15.481
 1159    -0.1044     0.1914    -0.2567    17.769    15.313     0.252986     0.251433     0.265880     0.241646    30.318   50.5%   2.34e-05  511    15.481
 1160    -0.1044     0.1914    -0.2567    17.770    15.316     0.252959     0.251457     0.265835     0.241585    30.318   50.5%   2.34e-05  512    15.481
 1161    -0.1044     0.1914    -0.2567    17.768    15.310     0.253010     0.251489     0.265800     0.241741    30.318   50.5%   2.34e-05  513    15.481
 1162    -0.1044     0.1914    -0.2567    17.770    15.314     0.252975     0.251438     0.265799     0.241690    30.318   50.5%   2.34e-05  514    15.481
 1163    -0.1044     0.1914    -0.2567    17.768    15.312     0.252994     0.251430     0.265855     0.241699    30.318   50.5%   2.34e-05  515    15.481
 1164    -0.1045     0.1913    -0.2568    17.771    15.309     0.253032     0.251453     0.265892     0.241750    30.318   50.5%   2.34e-05  516    15.481
 1165    -0.1044     0.1914    -0.2567    17.770    15.314     0.252982     0.251392     0.265872     0.241682    30.318   50.5%   2.34e-05  517    15.481
 1166    -0.1044     0.1914    -0.2567    17.769    15.313     0.253002     0.251394     0.265893     0.241719    30.318   50.5%   2.34e-05  518    15.481
 1167    -0.1044     0.1914    -0.2567    17.769    15.310     0.253036     0.251445     0.265913     0.241748    30.318   50.5%   2.34e-05  519    15.481
 1168    -0.1045     0.1914    -0.2568    17.769    15.318     0.252949     0.251331     0.265849     0.241668    30.318   50.5%   2.34e-05  520    15.481
 1169    -0.1044     0.1913    -0.2567    17.770    15.312     0.253004     0.251403     0.265879     0.241731    30.318   50.5%   2.34e-05  521    15.481
 1170    -0.1044     0.1914    -0.2567    17.769    15.311     0.253013     0.251394     0.265892     0.241754    30.318   50.5%   2.34e-05  522    15.481
 1171    -0.1045     0.1914    -0.2568    17.768    15.312     0.253008     0.251424     0.265875     0.241726    30.318   50.5%   2.34e-05  523    15.481
 1172    -0.1045     0.1914    -0.2568    17.768    15.310     0.253017     0.251417     0.265886     0.241749    30.318   50.5%   2.34e-05  524    15.481
 1173    -0.1045     0.1914    -0.2568    17.768    15.314     0.252980     0.251403     0.265877     0.241660    30.318   50.5%   2.34e-05  525    15.481
 1174    -0.1044     0.1914    -0.2567    17.768    15.314     0.252984     0.251447     0.265869     0.241636    30.318   50.5%   2.34e-05  526    15.481
 1175    -0.1045     0.1914    -0.2568    17.770    15.315     0.252969     0.251428     0.265852     0.241627    30.318   50.5%   2.34e-05  527    15.481
 1176    -0.1044     0.1914    -0.2567    17.769    15.310     0.253008     0.251447     0.265849     0.241729    30.318   50.5%   2.34e-05  528    15.481
 1177    -0.1045     0.1914    -0.2568    17.768    15.312     0.252991     0.251431     0.265847     0.241697    30.318   50.5%   2.34e-05  529    15.481
 1178    -0.1045     0.1914    -0.2568    17.769    15.309     0.253015     0.251464     0.265839     0.241744    30.318   50.5%   2.34e-05  530    15.481
 1179    -0.1045     0.1914    -0.2568    17.768    15.306     0.253046     0.251491     0.265900     0.241746    30.318   50.5%   2.34e-05  531    15.481
 1180    -0.1045     0.1914    -0.2568    17.769    15.313     0.252977     0.251391     0.265878     0.241662    30.318   50.5%   2.34e-05  532    15.481
 1181    -0.1044     0.1914    -0.2567    17.768    15.310     0.253013     0.251433     0.265908     0.241697    30.318   50.5%   2.34e-05  533    15.481
 1182    -0.1044     0.1914    -0.2567    17.768    15.302     0.253078     0.251467     0.265978     0.241789    30.318   50.5%   2.34e-05  534    15.481
 1183    -0.1044     0.1914    -0.2567    17.769    15.309     0.253005     0.251439     0.265881     0.241694    30.318   50.5%   2.34e-05  535    15.481
 1184    -0.1044     0.1914    -0.2567    17.769    15.312     0.252987     0.251428     0.265895     0.241637    30.318   50.5%   2.34e-05  536    15.481
 1185    -0.1044     0.1914    -0.2567    17.770    15.310     0.253009     0.251489     0.265867     0.241669    30.318   50.5%   2.34e-05  537    15.481
 1186    -0.1045     0.1914    -0.2568    17.769    15.313     0.252984     0.251433     0.265849     0.241671    30.318   50.5%   2.34e-05  538    15.481
 1187    -0.1045     0.1914    -0.2568    17.768    15.311     0.253003     0.251430     0.265891     0.241687    30.318   50.5%   2.34e-05  539    15.481
 1188    -0.1045     0.1914    -0.2568    17.769    15.311     0.252996     0.251456     0.265854     0.241678    30.318   50.5%   2.34e-05  540    15.481
 1189    -0.1044     0.1914    -0.2567    17.769    15.308     0.253031     0.251463     0.265889     0.241741    30.318   50.5%   2.34e-05  541    15.481
 1190    -0.1045     0.1914    -0.2568    17.769    15.309     0.253015     0.251451     0.265877     0.241716    30.318   50.5%   2.34e-05  542    15.481
 1191    -0.1045     0.1913    -0.2568    17.771    15.310     0.253006     0.251411     0.265894     0.241713    30.318   50.5%   2.34e-05  543    15.481
 1192    -0.1044     0.1914    -0.2567    17.769    15.312     0.252986     0.251394     0.265875     0.241687    30.318   50.5%   2.34e-05  544    15.481
 1193    -0.1045     0.1914    -0.2568    17.769    15.313     0.252972     0.251407     0.265824     0.241685    30.318   50.5%   2.34e-05  545    15.481
 1194    -0.1045     0.1914    -0.2568    17.769    15.309     0.253013     0.251431     0.265867     0.241742    30.318   50.5%   2.34e-05  546    15.481
 1195    -0.1045     0.1914    -0.2567    17.770    15.308     0.253023     0.251433     0.265868     0.241767    30.318   50.5%   2.34e-05  547    15.481
 1196    -0.1044     0.1914    -0.2567    17.768    15.314     0.252972     0.251384     0.265834     0.241698    30.318   50.5%   2.34e-05  548    15.481
 1197    -0.1044     0.1914    -0.2567    17.769    15.310     0.252994     0.251406     0.265900     0.241677    30.318   50.5%   2.34e-05  549    15.481
 1198    -0.1045     0.1914    -0.2568    17.768    15.311     0.252978     0.251442     0.265821     0.241670    30.318   50.5%   2.34e-05  550    15.481
 1199    -0.1044     0.1914    -0.2567    17.769    15.304     0.253052     0.251472     0.265921     0.241763    30.318   50.5%   2.34e-05  551    15.481
 1200    -0.1045     0.1914    -0.2568    17.769    15.310     0.253000     0.251437     0.265903     0.241661    30.318   50.5%   2.34e-05  552    15.481

Training finished. Best validation sum-rate: 15.481 b/s at epoch 648. Checkpoint: /home/pc/Downloads/ISAC_DL_MLP/Stage 1/models/Best_model_ISAC_128_L3.pt
/home/pc/Downloads/ISAC_DL_MLP/Stage 1/train_128_isac.py:386: UserWarning: FigureCanvasAgg is non-interactive, and thus cannot be shown
  plt.show()
/home/pc/Downloads/ISAC_DL_MLP/Stage 1/train_128_isac.py:398: UserWarning: FigureCanvasAgg is non-interactive, and thus cannot be shown
  plt.show()
/home/pc/Downloads/ISAC_DL_MLP/Stage 1/train_128_isac.py:409: UserWarning: FigureCanvasAgg is non-interactive, and thus cannot be shown
  plt.show()
/home/pc/Downloads/ISAC_DL_MLP/Stage 1/train_128_isac.py:420: UserWarning: FigureCanvasAgg is non-interactive, and thus cannot be shown
  plt.show()

Loading best checkpoint for final test evaluation...

=======================================================
Final test sum-rate      : 15.507 b/s
Matched-filter baseline  : 30.343 b/s
Percentage of MF perf.   : 51.1%
Best checkpoint epoch    : 648
Average sensing power     : 0.246961
Average target powers     : [0.23853898 0.25621477 0.24612892]
=======================================================
